-1 -1 -1 -1 -1 -1 -1 -1 -1 -1 -1 -1 -1 -1 -1
-2 01 -1 -1 -1 -1 -1 01 -1 -1 -1 01 -1 -6 -1
-1 01 01 01 01 01 01 01 01 01 01 01 -1 -1 -1
-1 01 -1 -1 -1 -1 -1 -1 -1 -1 -1 01 -1 -1 -1
01 01 -1 01 01 01 01 01 01 -1 -1 01 01 01 -1
-1 01 -1 01 -1 -1 -1 -1 01 -1 -1 01 -1 -1 -1
-1 01 01 01 01 01 -1 -1 01 -1 -1 01 -1 -1 -1
-1 01 -1 -1 -1 01 -1 -1 01 -1 -1 01 -1 -1 -1
01 01 -1 -1 -1 01 -1 -1 01 01 01 01 01 01 -1
-1 -1 -1 -1 -1 01 -1 -1 01 -1 -1 -1 -1 -1 -1
-1 01 01 01 01 01 -1 -1 01 -1 -1 01 01 01 -1
-1 -1 -1 -1 -1 01 -1 -1 01 -1 -1 01 -1 -1 -1
01 01 -1 -1 -1 01 -1 -1 01 -1 -1 01 01 01 -1
-1 01 01 01 01 01 01 01 01 01 01 01 -1 -1 -1 
-1 01 -1 -1 -1 -1 01 -1 -1 -1 -1 01 -3 -4 -5
-1 -1 -1 -1 -1 -1 -1 -1 -1 -1 -1 -1 -1 -1 -1
-1 -1 -1 -1 -1 -1 -1 -1 -1 -1 -1 -1 -1 -1 -1